1  Varna Sofia 20 2 2012 20 30 20 2 2012 20 30 200
1  Varna Sofia 20 2 2012 20 30 20 2 2012 20 30 2000
1  Varna Sofia 20 10 2012 20 30 20 10 2012 20 30 2000
1  Varna Sofia 20 2 2012 20 20 20 2 2012 20 20 200
1  Varna Sofia 20 10 2012 20 30 20 11 2012 20 30 200
1  Varna Sofia 2 10 2012 2 10 2 10 2012 2 10 2000
1  Varna Sofia 20 10 2012 20 10 20 10 2012 20 10 200
1  Varna Sofia 20 10 2012 20 10 20 10 2012 20 10 200
3  Sofia Varna 20 10 2012 20 10 20 10 2012 20 10 200
4  Sofia Varna 20 10 2012 20 10 20 10 2012 20 10 2000
